1.0000000000	0.0598960889	-0.0363442720	-0.0550745447	-0.0181884629	-0.0512437451	-0.0285491083	0.0293930687	-0.0592749506	0.0636886181	-0.0550124957	-0.0427627693	-0.0140412754	0.0284097784	0.0216266867	-0.0279137724	0.0615309065	0.0696773831	0.0033086207	0.0193012114	-0.0550745447	-0.0505457538	-0.0524899697	-0.0371245667	0.0598960889	0.0367633897	-0.0282612369	-0.0416772979	0.0216266867	0.0688326892	0.0710591950	-0.0154368217	-0.0325554608	0.0284097784	0.0686351655	-0.0442958688	-0.0304465345	-0.0460741221	-0.0524899697	0.0636498572	-0.0051805344	-0.0442052158	-0.0391812952	-0.0192205354	0.0338296192	-0.0090733264	0.0313318508	0.0264530533	0.0603736422	-0.0268022892	0.0588659648	0.0583748008	-0.0282663237	-0.0526730021	0.0216266867	-0.0428712908	0.0211552481	0.0569582383	0.0645049725	0.0633537812	0.0343780790	0.0609389291	-0.0482161026	0.0001998086	0.0599779434	-0.0401189643	0.0162202768	-0.0319200125	0.0618040887	0.0193012114	-0.0160442175	0.0238067929	-0.0483641584	0.0370196189	-0.0386272184	0.0193012114	-0.0348594298	-0.0542912117	0.0649838243	0.0609882236	-0.0503707409	-0.0515335787	0.0193012114	-0.0526730021	-0.0482148785	0.0521628908	-0.0071973428	0.0703071496	-0.0514603418	-0.0522182069	0.0624395394	-0.0521941854	-0.0690317256	-0.0535465331	0.0205935792	0.0386359383	-0.0367916740	-0.0504591211	0.0702635178	0.0293930687	0.0162202768	0.0694485735	-0.0223133044	0.0513529298	0.0552500839	-0.0532004245	0.0007173558	-0.0366937073
0.0598960889	1.0000000000	0.0005591670	-0.0649792896	-0.0685391107	-0.0473970124	-0.0506011757	-0.0210954948	-0.0514700593	0.0878659773	-0.0676680539	-0.0479676079	-0.0314771819	-0.0204677849	-0.0354133250	-0.0443092916	0.0856054353	0.1163187916	-0.0466177869	-0.0377122481	-0.0649792896	-0.0633379710	-0.0643369242	-0.0515370881	0.1108584786	0.1094912419	-0.0593070901	-0.0381091435	-0.0354133250	0.1084550733	0.1166708863	-0.0368582202	-0.0529264115	-0.0204677849	0.1123748905	-0.0577754282	-0.0647382959	-0.0545946238	-0.0643369242	0.1133261277	-0.0521915754	-0.0519749139	-0.0482766045	0.0113428587	0.1053254589	-0.0377320277	0.1050228875	-0.0206741411	0.0752633127	-0.0423735472	0.0461023273	0.0592020183	-0.0568207915	-0.0658316322	-0.0354133250	-0.0514546878	-0.0251744727	0.0976213245	0.1078349999	0.0910978072	0.1122428399	0.0657015529	-0.0517969528	-0.0178222692	0.0876515325	-0.0505018372	-0.0393014078	-0.0461529415	0.1034865257	-0.0377122481	0.0243658157	-0.0226019579	-0.0569643729	0.1073071549	-0.0660396711	-0.0377122481	-0.0445427158	-0.0593266926	0.1140524680	0.0618971453	-0.0549321854	-0.0554409663	-0.0377122481	-0.0658316322	-0.0443115273	0.0882755874	-0.0520785783	0.1174098487	-0.0649198482	-0.0531978321	0.1024106062	-0.0493186747	-0.0603428193	-0.0659056139	-0.0365765034	0.1106179049	-0.0487805373	-0.0590513832	0.1153238031	-0.0210954948	-0.0393014078	0.1156383751	-0.0512472388	0.0279450812	0.0596077186	-0.0773542302	-0.0500462806	-0.0468497289
-0.0363442720	0.0005591670	1.0000000000	0.0068884401	0.0183872267	-0.0112000205	0.0235285556	-0.0244413553	-0.0174785292	-0.0342695660	0.0016479481	-0.0110284695	-0.0192374808	-0.0245487803	-0.0236326731	-0.0180993927	-0.0342800871	-0.0385576080	-0.0153573326	-0.0240912200	0.0068884401	0.0038255762	-0.0045349874	-0.0078110120	0.0005591670	-0.0325844807	0.0329207649	0.0800326762	-0.0236326731	-0.0363078194	-0.0391885011	-0.0169100473	-0.0118442911	-0.0245487803	-0.0374302722	0.0421655770	-0.0125108058	0.0514047199	-0.0045349874	-0.0368388895	-0.0130401617	-0.0122590291	-0.0047250161	-0.0130955176	-0.0323359610	-0.0211674289	-0.0313467653	-0.0251793312	-0.0406890141	0.0448671983	-0.0303499776	-0.0356296891	-0.0041783613	-0.0041345846	-0.0236326731	0.0024709430	-0.0223635514	-0.0015539214	-0.0347297135	-0.0351788879	-0.0331633194	-0.0344775232	-0.0105887621	0.0095908491	-0.0331778970	-0.0008420600	-0.0227261125	0.0370858354	-0.0007517965	-0.0240912200	-0.0147196285	-0.0235281801	0.0608070586	-0.0333344219	-0.0096749974	-0.0240912200	-0.0082834463	0.0538476602	-0.0356722544	-0.0337679282	-0.0068424632	0.0468797128	-0.0240912200	-0.0041345846	0.0837083868	-0.0236074665	-0.0158651902	-0.0387313579	0.0421811615	-0.0063563585	-0.0358986764	0.0548375354	-0.0363037456	-0.0007996445	-0.0240557293	-0.0333337909	-0.0071873260	0.0462300356	-0.0381850582	-0.0244413553	-0.0227261125	-0.0380779469	-0.0099922442	-0.0295316372	-0.0362769435	0.0256634351	-0.0185676503	-0.0119097638
-0.0550745447	-0.0649792896	0.0068884401	1.0000000000	0.0364547599	0.0732368012	0.0295699241	-0.0258469513	-0.0247139214	-0.0620235193	0.0590454714	0.0571179644	-0.0224705876	-0.0245592342	-0.0133263343	-0.0001962202	-0.0623443623	-0.0747047812	-0.0038004726	-0.0135045508	0.0731602982	0.0543326757	0.0562068939	0.0015132155	-0.0649792896	-0.0662365141	0.0307640072	0.0024672539	-0.0133263343	-0.0702381122	-0.0758617277	-0.0189494644	0.0096834519	-0.0245592342	-0.0724265907	0.0131268561	0.0373819015	0.0518638412	0.0562068939	-0.0678007652	0.0261277048	0.0145329112	0.0460568331	0.0301998390	-0.0646390601	-0.0145590514	-0.0630097803	-0.0237238643	-0.0603631854	0.0002134578	-0.0551127025	-0.0525730339	0.0345319060	0.0560527934	-0.0133263343	0.0117124426	-0.0177702487	-0.0371552062	-0.0672616544	-0.0637490085	-0.0670417149	-0.0631025070	0.0113917632	0.0130688102	-0.0629767935	0.0050529097	0.0185284529	0.0050109922	-0.0671977308	-0.0135045508	0.0290077162	-0.0190160469	0.0515242644	-0.0663329564	0.0455275055	-0.0135045508	-0.0014716579	0.0612177112	-0.0700544275	-0.0614985232	0.0172224636	0.0565143062	-0.0135045508	0.0560527934	0.0586860232	-0.0550509327	0.0095966331	-0.0753508871	0.0534916876	0.0643468560	-0.0637010899	0.0498299653	-0.0490045219	0.0564014701	-0.0139974263	-0.0666993708	0.0003440086	0.0519290615	-0.0741954312	-0.0258469513	0.0185284529	-0.0741836648	0.0340042383	-0.0464831227	-0.0503658823	0.0493931992	0.0018777398	0.0492823995
-0.0181884629	-0.0685391107	0.0183872267	0.0364547599	1.0000000000	-0.0269593132	0.0451338860	0.0218252961	-0.0468219184	-0.0533570567	0.0369372948	0.0074699243	-0.0060575726	0.0213468665	0.0352747475	0.0035617360	-0.0347710630	-0.0766955383	0.0440235796	0.0372433648	0.0364547599	0.0445280895	0.0377693557	0.0470016184	-0.0685391107	-0.0695790307	0.0175945820	-0.0145853452	0.0352747475	-0.0716922663	-0.0774223230	0.0347101705	0.0452788486	0.0213468665	-0.0742411483	0.0514638072	0.0540685192	0.0413203553	0.0377693557	-0.0717783129	0.0445937085	0.0408429317	0.0426671795	-0.0063603415	-0.0700352079	0.0049061952	-0.0683518184	0.0217681769	-0.0436237524	0.0339094155	-0.0598352535	-0.0313140953	0.0456620739	0.0386359631	0.0352747475	0.0429812792	0.0249733650	-0.0654629038	-0.0679848488	-0.0554512318	-0.0711396335	-0.0663069608	-0.0024867156	0.0326271816	-0.0581262971	0.0424119861	0.0361437552	0.0083044307	-0.0690872613	0.0372433648	-0.0150792536	0.0230029555	0.0383088388	-0.0706065454	0.0437533994	0.0372433648	0.0429687366	0.0134731428	-0.0712335818	-0.0645055241	0.0044744108	0.0375862638	0.0372433648	0.0386359631	-0.0147101897	-0.0558891573	0.0463886227	-0.0773379663	0.0471701824	0.0054165144	-0.0657946902	-0.0156290316	-0.0658757214	0.0393719768	0.0363413098	-0.0699351486	0.0445357477	0.0410575867	-0.0760664972	0.0218252961	0.0361437552	-0.0757825998	0.0460339556	-0.0349588151	-0.0314752894	0.0427092904	0.0450333077	0.0403592576
-0.0512437451	-0.0473970124	-0.0112000205	0.0732368012	-0.0269593132	1.0000000000	-0.0251042625	-0.0368160060	0.0103973732	-0.0467200764	-0.0105305393	-0.0088414653	-0.0234565940	-0.0370024820	-0.0304065761	-0.0180261424	-0.0505787100	-0.0492603405	-0.0341571099	-0.0312670513	0.0732368012	-0.0100304560	-0.0112084753	-0.0172722713	-0.0473970124	-0.0450846851	-0.0187366353	-0.0028030580	-0.0304065761	-0.0463292224	-0.0503834468	-0.0234191264	-0.0215392248	-0.0370024820	-0.0478040533	-0.0173968428	-0.0231954655	-0.0023723545	-0.0112084753	-0.0481155095	-0.0272305024	-0.0143123724	-0.0107242062	-0.0205009601	-0.0408432174	-0.0230970908	-0.0398438726	-0.0377202752	-0.0549571909	-0.0221861264	-0.0331810107	-0.0487641305	-0.0126655993	-0.0106507406	-0.0304065761	-0.0127201232	-0.0371340947	-0.0450008661	-0.0450736286	-0.0476310364	-0.0430204167	-0.0398535007	-0.0126193965	-0.0362035823	-0.0473715142	-0.0165011317	-0.0255360849	-0.0179975472	-0.0445119244	-0.0312670513	-0.0181537566	-0.0368339808	-0.0051593228	-0.0423635674	-0.0194791656	-0.0312670513	-0.0166139483	0.0003042294	-0.0475220377	-0.0388378263	-0.0096649775	-0.0064779522	-0.0312670513	-0.0106507406	-0.0010492427	-0.0403850883	-0.0273430822	-0.0498221282	-0.0116592042	0.0014608090	-0.0477555512	0.1108548544	-0.0213059271	-0.0117461287	-0.0310272610	-0.0434417625	-0.0158599239	-0.0095095467	-0.0491061512	-0.0368160060	-0.0255360849	-0.0498844357	-0.0160879945	-0.0372133946	-0.0498104124	0.0456483735	-0.0327408944	-0.0057023371
-0.0285491083	-0.0506011757	0.0235285556	0.0295699241	0.0451338860	-0.0251042625	1.0000000000	-0.0012849864	-0.0425541909	-0.0444681826	-0.0026365916	-0.0020607545	0.0305001179	-0.0006963252	0.0323719586	-0.0137056105	-0.0228306112	-0.0603124999	0.0402975731	0.0344879032	0.0295699241	0.0407242081	-0.0009277746	0.0478697927	-0.0506011757	-0.0533120045	0.0088140654	-0.0107580513	0.0323719586	-0.0565648360	-0.0601229150	0.0403329721	0.0391358278	-0.0006963252	-0.0583970183	0.0523572751	0.0401213054	0.0420096442	-0.0009277746	-0.0536668540	0.0374557672	-0.0122814102	0.0477387423	0.0179928235	-0.0546342283	0.0040861846	-0.0532816109	0.0017392491	-0.0332546332	0.0309952940	-0.0479630371	-0.0253723857	0.0467008178	-0.0015982924	0.0323719586	0.0443727787	0.0032371265	-0.0508064450	-0.0536047404	-0.0469046873	-0.0543673603	-0.0524826827	-0.0168399035	0.0287677222	-0.0280634514	0.0089133206	0.0326341639	-0.0075177475	-0.0317830311	0.0344879032	0.0190503221	0.0007022450	0.0384717636	-0.0549656169	0.0313654646	0.0344879032	0.0486715620	0.0009477802	-0.0549052225	-0.0511012058	-0.0084049990	0.0308324260	0.0344879032	-0.0015982924	-0.0156484935	-0.0157727901	0.0416025403	-0.0598812308	0.0436324055	-0.0027379418	-0.0490261315	-0.0129458335	-0.0607776711	0.0018304682	0.0337403312	-0.0534843897	0.0451401443	0.0354892959	-0.0589229969	-0.0012849864	0.0326341639	-0.0586117485	0.0475365696	-0.0321791156	-0.0237392818	0.0347137950	0.0357832316	-0.0049156324
0.0293930687	-0.0210954948	-0.0244413553	-0.0258469513	0.0218252961	-0.0368160060	-0.0012849864	1.0000000000	-0.0458653519	0.0226907438	-0.0211037699	-0.0221616054	0.0510941917	0.0536925703	0.0470530059	0.0357760425	0.0171743164	-0.0225377837	0.0319831328	0.0458850132	-0.0258469513	-0.0213541527	-0.0194127837	-0.0152442927	-0.0210954948	-0.0227472626	0.0050700768	-0.0272185913	0.0470530059	-0.0204492792	-0.0211576901	0.0089445617	-0.0074259100	0.0536925703	-0.0216710220	-0.0188627536	0.0282385734	-0.0223794302	-0.0194127837	-0.0195156844	0.0249751405	-0.0205924447	-0.0176481448	-0.0123567994	-0.0269294202	0.0102000383	-0.0262238707	0.0521171385	0.0229400730	0.0303045448	-0.0250781324	0.0331662413	-0.0008798464	-0.0192894426	0.0470530059	-0.0225921123	0.0483864200	-0.0226019056	-0.0168095928	0.0212712866	-0.0248103817	-0.0243007121	-0.0269083505	0.0204036606	0.0114921488	-0.0201757987	0.0429859197	0.0294923335	-0.0212290210	0.0458850132	-0.0168928668	0.0498928971	-0.0218621464	-0.0258443640	-0.0039191408	0.0458850132	-0.0169323558	-0.0267431906	-0.0199735524	-0.0235769513	-0.0276717240	-0.0253939622	0.0458850132	-0.0192894426	-0.0316995819	-0.0174644723	-0.0015264603	-0.0227611592	-0.0209025625	-0.0292849805	-0.0171201542	-0.0356725309	-0.0537129955	-0.0185486365	0.0467593740	-0.0221618921	-0.0164655757	-0.0214331880	-0.0222447467	0.0547786308	0.0429859197	-0.0221025116	0.0022369201	0.0369007287	0.0302038137	-0.0154379299	0.0305729866	-0.0156865412
-0.0592749506	-0.0514700593	-0.0174785292	-0.0247139214	-0.0468219184	0.0103973732	-0.0425541909	-0.0458653519	1.0000000000	-0.0512195682	-0.0289974889	-0.0261491668	-0.0277875817	-0.0464367108	-0.0397974358	-0.0254346482	-0.0565974062	-0.0517796827	-0.0473757906	-0.0409712011	-0.0247139214	-0.0271642361	-0.0292774013	-0.0247775329	-0.0514700593	-0.0479009079	-0.0338383681	-0.0045520337	-0.0397974358	-0.0487038059	-0.0530907867	-0.0285761524	-0.0327619037	-0.0464367108	-0.0502655702	-0.0277292407	-0.0417229696	-0.0157487922	-0.0292774013	-0.0518113963	-0.0447371404	-0.0237051125	-0.0261670186	-0.0361975623	-0.0422870050	-0.0291702192	-0.0412637339	-0.0476510251	-0.0632602692	-0.0314130644	-0.0337325629	-0.0563676499	-0.0261569355	-0.0284521661	-0.0397974358	-0.0207802455	-0.0482452985	-0.0547327445	-0.0476402746	-0.0520949045	-0.0447904437	-0.0412551834	-0.0205612193	-0.0543003551	-0.0519126051	-0.0245334318	-0.0405257387	-0.0266387296	-0.0468615337	-0.0409712011	-0.0325946702	-0.0475233208	-0.0196072604	-0.0440313192	-0.0384164198	-0.0409712011	-0.0231335619	-0.0142007445	-0.0504338550	-0.0402027839	-0.0177784019	-0.0226638612	-0.0409712011	-0.0284521661	-0.0155089324	-0.0439309249	-0.0409454190	-0.0524194023	-0.0292656232	-0.0133136696	-0.0522823703	0.1447939512	-0.0184059153	-0.0300839255	-0.0405144410	-0.0454678708	-0.0225016192	-0.0258534302	-0.0516834543	-0.0458653519	-0.0405257387	-0.0527864411	-0.0308686826	-0.0414951290	-0.0583741606	0.0527232197	-0.0467309170	-0.0198390619
0.0636886181	0.0878659773	-0.0342695660	-0.0620235193	-0.0533570567	-0.0467200764	-0.0444681826	0.0226907438	-0.0512195682	1.0000000000	-0.0614912077	-0.0472064800	-0.0153106763	0.0218578573	-0.0187690365	-0.0297407922	0.0802116241	0.0948353941	-0.0313814922	-0.0208067435	-0.0620235193	-0.0577587112	-0.0590568151	-0.0456511006	0.0878659773	0.0595839401	-0.0504992692	-0.0393217655	-0.0187690365	0.0926229313	0.0968162891	-0.0258313579	-0.0452860119	0.0218578573	0.0928949886	-0.0533336458	-0.0481766573	-0.0518802883	-0.0590568151	0.0925595274	-0.0377789900	-0.0470800684	-0.0463364478	-0.0171579080	0.0516571270	-0.0282316480	0.0508034760	0.0197558118	0.0691386822	-0.0317001375	0.0360521119	0.0643382433	-0.0472604647	-0.0594253452	-0.0187690365	-0.0478322376	0.0143271555	0.0790681188	0.0930028477	0.0873678373	0.0582500739	0.0473841986	-0.0487312902	-0.0068438453	0.0784712512	-0.0462290046	-0.0231240803	-0.0341871901	0.0845434179	-0.0208067435	-0.0121811656	0.0173466398	-0.0538147761	0.0555495722	-0.0560036075	-0.0208067435	-0.0401936730	-0.0570882520	0.0938034588	0.0459908388	-0.0515058566	-0.0545522638	-0.0208067435	-0.0594253452	-0.0459848537	0.0760666356	-0.0446649675	0.0958610345	-0.0600805356	-0.0534988579	0.0856250293	-0.0500164491	-0.0595793436	-0.0603031958	-0.0196748212	0.0943071310	-0.0436390680	-0.0559183760	0.0953838375	0.0226907438	-0.0231240803	0.0945580389	-0.0418093474	0.0679854784	0.0614530342	-0.0686764939	-0.0346923273	-0.0395971826
-0.0550124957	-0.0676680539	0.0016479481	0.0590454714	0.0369372948	-0.0105305393	-0.0026365916	-0.0211037699	-0.0289974889	-0.0614912077	1.0000000000	0.0606624964	-0.0204066448	-0.0208822304	-0.0151297047	0.0566846716	-0.0633260348	-0.0745895824	-0.0113815261	-0.0141083267	0.0590454714	0.0236482095	0.0839316046	-0.0000149477	-0.0676680539	-0.0658626873	0.0418118941	-0.0030778609	-0.0151297047	-0.0700665105	-0.0757627156	-0.0187061225	0.0463857137	-0.0208822304	-0.0723140264	0.0049686890	0.0401908613	0.0124183671	0.0839316046	-0.0702967385	0.0245534048	0.0736897506	0.0042101624	-0.0014278438	-0.0645180634	-0.0146861540	-0.0629097226	-0.0215315871	-0.0616140835	-0.0007787775	-0.0544496365	-0.0528289200	0.0000970500	0.0853949099	-0.0151297047	0.0030263256	-0.0176758980	-0.0602540323	-0.0671865753	-0.0631665574	-0.0669529036	-0.0627030868	0.0841415671	0.0130525698	-0.0648234829	0.0058085299	-0.0091133613	0.0539293605	-0.0700553296	-0.0141083267	-0.0104506059	-0.0190058859	0.0119448229	-0.0662432191	0.0644350213	-0.0141083267	-0.0088866314	0.0667421875	-0.0700503033	-0.0610930762	0.0762110991	0.0591500088	-0.0141083267	0.0853949099	0.0652203061	-0.0563648579	0.0338951683	-0.0752811814	0.0235235543	0.0679724120	-0.0656208743	-0.0015767877	-0.0406234612	0.0816989619	-0.0157626129	-0.0666645799	0.0010445249	0.0499948234	-0.0741277781	-0.0211037699	-0.0091133613	-0.0741151140	-0.0027202088	-0.0456045751	-0.0517500707	0.0474876988	0.0256478018	0.0040106001
-0.0427627693	-0.0479676079	-0.0110284695	0.0571179644	0.0074699243	-0.0088414653	-0.0020607545	-0.0221616054	-0.0261491668	-0.0472064800	0.0606624964	1.0000000000	-0.0210148593	-0.0205103341	-0.0138653276	0.0055025984	-0.0488681249	-0.0556718090	0.0192422540	-0.0140407142	0.0571179644	0.0512169335	0.0627217518	0.0004137981	-0.0479676079	-0.0504919770	-0.0022746001	-0.0156121299	-0.0138653276	-0.0523792065	-0.0566588469	-0.0176632575	0.0073969747	-0.0205103341	-0.0539801408	0.0019630665	0.0084720252	0.0040843515	0.0627217518	-0.0491796428	0.0011779462	0.0115495947	0.0063985941	0.0430930498	-0.0479678006	-0.0126843663	-0.0467537217	-0.0192244709	-0.0446146583	-0.0082840755	-0.0409601076	-0.0400425832	-0.0022294831	0.0622079059	-0.0138653276	0.0068917351	-0.0174527783	-0.0147232916	-0.0501926784	-0.0484261591	-0.0500013032	-0.0469568930	0.0140350146	-0.0081202186	-0.0506878001	0.0523723482	0.0260741030	0.0088837722	-0.0527031839	-0.0140407142	0.0430130967	-0.0177355917	0.0024754214	-0.0493212473	0.0490697252	-0.0140407142	-0.0101962295	0.0213884353	-0.0526593702	-0.0457705747	0.0191137567	0.0214983770	-0.0140407142	0.0622079059	-0.0062392642	-0.0436924162	0.0105679080	-0.0562419440	0.0474893091	0.0781100972	-0.0468288041	-0.0085158454	-0.0409530104	0.0605755003	-0.0144692545	-0.0497855467	0.0006438185	0.0170185527	-0.0553809306	-0.0221616054	0.0260741030	-0.0557031831	-0.0030835568	-0.0357271024	-0.0371546724	0.0394527919	0.0013463631	0.0018089545
-0.0140412754	-0.0314771819	-0.0192374808	-0.0224705876	-0.0060575726	-0.0234565940	0.0305001179	0.0510941917	-0.0277875817	-0.0153106763	-0.0204066448	-0.0210148593	1.0000000000	0.0500861351	0.0021774866	-0.0003952677	-0.0192567986	-0.0336711424	-0.0032035488	0.0053966051	-0.0224705876	-0.0181259644	-0.0195625869	-0.0148501322	-0.0314771819	-0.0297545213	0.0325675465	-0.0183022392	0.0021774866	-0.0314026159	-0.0336823159	0.0826871286	-0.0150249247	0.0500861351	-0.0325999761	-0.0178293424	-0.0055129800	-0.0184556149	-0.0195625869	-0.0317017546	-0.0105493533	-0.0151519349	-0.0160989935	-0.0113698906	-0.0310635402	-0.0049912104	-0.0302761344	0.0518759445	-0.0190945869	0.0057599258	-0.0266767482	-0.0121900714	-0.0129349631	-0.0194776882	0.0021774866	-0.0167073166	0.0485767455	-0.0331919590	-0.0293437294	-0.0162987026	-0.0313161297	-0.0297099836	-0.0177996366	0.0212971339	-0.0212647627	-0.0176797977	0.0001040742	-0.0030187098	-0.0325927026	0.0053966051	-0.0143433825	0.0467823214	-0.0183822005	-0.0314263512	-0.0158830532	0.0053966051	-0.0132727790	-0.0203026684	-0.0311076848	-0.0289217752	-0.0208374861	-0.0199878491	0.0053966051	-0.0194776882	-0.0187654408	-0.0257632818	-0.0157028182	-0.0339939498	-0.0190625741	-0.0225085248	-0.0302678960	-0.0250269111	-0.0250058059	-0.0194341321	0.0059439985	-0.0305071994	-0.0145356484	-0.0175188517	-0.0334333622	0.0510941917	0.0001040742	-0.0331809158	-0.0105818284	-0.0052601450	-0.0136871650	-0.0233031318	-0.0070858192	-0.0119150970
0.0284097784	-0.0204677849	-0.0245487803	-0.0245592342	0.0213468665	-0.0370024820	-0.0006963252	0.0536925703	-0.0464367108	0.0218578573	-0.0208822304	-0.0205103341	0.0500861351	1.0000000000	0.0461027570	0.0351967628	0.0163305227	-0.0230753000	0.0312501737	0.0449340661	-0.0245592342	-0.0212136087	-0.0180338136	-0.0155603091	-0.0204677849	-0.0232336109	0.0045363858	-0.0274770319	0.0461027570	-0.0209944780	-0.0217231308	0.0084264720	-0.0075662853	0.0536372973	-0.0221950640	-0.0190003352	0.0277113945	-0.0223292078	-0.0180338136	-0.0188979251	0.0244437986	-0.0206495873	-0.0162825473	0.0196126731	-0.0273234531	0.0094903454	-0.0265991813	0.0521088189	0.0228496136	0.0310064711	-0.0256407528	0.0322151919	-0.0013442307	-0.0190509332	0.0461027570	-0.0225556192	0.0484415025	-0.0229909473	-0.0173032366	0.0204331911	-0.0252729598	-0.0248385780	-0.0268010353	0.0198275217	0.0106689091	-0.0202622495	0.0422032283	0.0289685943	-0.0217818865	0.0449340661	-0.0149813729	0.0499308379	-0.0219672312	-0.0262689090	-0.0039966294	0.0449340661	-0.0171555717	-0.0265125376	-0.0204753762	-0.0241099075	-0.0276175675	-0.0239874117	0.0449340661	-0.0190509332	-0.0318854652	-0.0178765479	-0.0007935505	-0.0233038570	-0.0208121538	-0.0274181531	-0.0165446364	-0.0357829832	-0.0545651573	-0.0171862991	0.0457995513	-0.0226111227	-0.0167475672	-0.0202245042	-0.0227798630	0.0536925703	0.0422032283	-0.0226492641	0.0017856862	0.0360134679	0.0302085189	-0.0155912217	0.0299337848	-0.0158525136
0.0216266867	-0.0354133250	-0.0236326731	-0.0133263343	0.0352747475	-0.0304065761	0.0323719586	0.0470530059	-0.0397974358	-0.0187690365	-0.0151297047	-0.0138653276	0.0021774866	0.0461027570	1.0000000000	-0.0021781246	-0.0195095491	-0.0384145778	0.0448380369	0.0596759817	-0.0133263343	-0.0116627534	-0.0135670576	-0.0019135433	-0.0354133250	-0.0371495998	-0.0174388688	-0.0244090410	0.0608267756	-0.0355453502	-0.0384235925	0.0089716813	0.0057810662	0.0461027570	-0.0370879405	-0.0035506321	0.0406075217	-0.0107290713	-0.0135670576	-0.0357031925	0.0380433031	-0.0156421497	-0.0060408622	-0.0111596597	-0.0384218437	0.0600409454	-0.0374922321	0.0448136057	0.0143938310	-0.0002759220	-0.0338693804	0.0264386068	0.0444972655	-0.0133889937	0.0608267756	-0.0116712111	0.0420099424	-0.0369292317	-0.0329467103	-0.0201462935	-0.0386822128	-0.0357911481	-0.0227728445	0.0264854275	-0.0245289356	-0.0107784203	0.0572007210	-0.0041545438	-0.0353172032	0.0596759817	-0.0142845061	0.0431417052	-0.0126273686	-0.0385898602	0.0322218126	0.0596759817	-0.0045393749	-0.0209483289	-0.0350508946	-0.0347864280	-0.0198677863	-0.0177261268	0.0596759817	-0.0133889937	-0.0290621747	-0.0275428923	0.0386116745	-0.0387213836	-0.0093664445	-0.0209641800	-0.0317064620	-0.0299013079	-0.0549457620	-0.0135538153	0.0603281361	-0.0372411296	-0.0053206957	-0.0141042770	-0.0379722858	0.0470530059	0.0572007210	-0.0377538685	0.0498156287	-0.0076487709	0.0238010989	0.0195973493	0.0448907763	-0.0095653215
-0.0279137724	-0.0443092916	-0.0180993927	-0.0001962202	0.0035617360	-0.0180261424	-0.0137056105	0.0357760425	-0.0254346482	-0.0297407922	0.0566846716	0.0055025984	-0.0003952677	0.0351967628	-0.0021781246	1.0000000000	-0.0337743280	-0.0473876560	-0.0081310890	-0.0024117829	-0.0001962202	-0.0079392633	0.0575698801	-0.0123833214	-0.0443092916	-0.0435739721	-0.0001851116	-0.0180395339	-0.0021781246	-0.0443338097	-0.0478014392	-0.0085091579	0.0028964377	0.0351967628	-0.0459098284	-0.0133402715	0.0083725232	-0.0094809369	0.0575698801	-0.0445655402	-0.0005492629	0.0106518108	-0.0117294427	-0.0039829804	-0.0423964479	-0.0105253844	-0.0413368957	0.0334350449	-0.0327120286	-0.0003890193	-0.0359407125	-0.0250447923	-0.0101199104	0.0586829097	-0.0021781246	-0.0127624208	0.0321355854	-0.0433751021	-0.0419679807	-0.0309724295	-0.0434053208	-0.0407394458	0.0128423650	-0.0086816164	-0.0362531623	-0.0124324313	-0.0019033849	0.0175304030	-0.0461253499	-0.0024117829	-0.0141292510	0.0331794629	-0.0142776988	-0.0432002182	0.0452989990	-0.0024117829	-0.0152565545	0.0054786348	-0.0447675952	-0.0396683100	0.0111078256	0.0030202103	-0.0024117829	0.0586829097	-0.0138105788	-0.0379728945	-0.0013793306	-0.0478989427	-0.0087582308	0.0067363785	-0.0425508099	-0.0206175935	-0.0353686319	0.0553563785	-0.0025364679	-0.0427323878	-0.0116456365	0.0007563899	-0.0471355007	0.0357760425	-0.0019033849	-0.0474729488	-0.0088611716	-0.0173116679	-0.0257475164	0.0299677710	0.0029113001	-0.0061359561
0.0615309065	0.0856054353	-0.0342800871	-0.0623443623	-0.0347710630	-0.0505787100	-0.0228306112	0.0171743164	-0.0565974062	0.0802116241	-0.0633260348	-0.0488681249	-0.0192567986	0.0163305227	-0.0195095491	-0.0337743280	1.0000000000	0.0960181055	-0.0113266016	-0.0215632702	-0.0623443623	-0.0566639642	-0.0609113616	-0.0439731165	0.0856054353	0.0867721217	-0.0525910465	-0.0403268288	-0.0195095491	0.0923890372	0.0975779556	-0.0270664182	-0.0446788681	0.0163305227	0.0941392700	-0.0506011123	-0.0480168696	-0.0496979272	-0.0609113616	0.0903359838	-0.0193588375	-0.0498670529	-0.0450760326	-0.0196942232	0.0566027130	-0.0290001651	0.0535793864	0.0142356863	0.0694860478	-0.0319587166	0.0341834615	0.0593103776	-0.0455475023	-0.0612187617	-0.0195095491	-0.0461769340	0.0089435994	0.0793042839	0.0891408152	0.0824904667	0.0887060023	0.0831000728	-0.0519657832	-0.0254234680	0.0790332540	-0.0442488742	-0.0239131915	-0.0377468664	0.0857739756	-0.0215632702	-0.0144218772	0.0118976740	-0.0259880794	0.0904801842	-0.0566597778	-0.0215632702	-0.0391095628	-0.0579332315	0.0916238011	0.0825796199	-0.0540132131	-0.0549139751	-0.0215632702	-0.0612187617	-0.0470656324	0.0730288065	-0.0443619320	0.0969240500	-0.0584334699	-0.0559838664	0.0848498426	-0.0517938060	-0.0671380675	-0.0620245945	-0.0204609895	0.0906843849	-0.0426661187	-0.0553386420	0.0953470989	0.0171743164	-0.0239131915	0.0952624508	-0.0398753923	0.0596990132	0.0572377981	-0.0687188887	-0.0154226880	-0.0407916620
0.0696773831	0.1163187916	-0.0385576080	-0.0747047812	-0.0766955383	-0.0492603405	-0.0603124999	-0.0225377837	-0.0517796827	0.0948353941	-0.0745895824	-0.0556718090	-0.0336711424	-0.0230753000	-0.0384145778	-0.0473876560	0.0960181055	1.0000000000	-0.0511561819	-0.0409141566	-0.0747047812	-0.0701789599	-0.0721913401	-0.0560152003	0.1163187916	0.1189533002	-0.0656764313	-0.0454733012	-0.0384145778	0.1261905214	0.1336386989	-0.0396722924	-0.0580526172	-0.0230753000	0.1303668133	-0.0652889868	-0.0712399510	-0.0622115896	-0.0721913401	0.1208507986	-0.0585274337	-0.0560348456	-0.0567900765	-0.0258578671	0.1203414169	-0.0401384762	0.1172271208	-0.0247818199	0.0822659867	-0.0502358670	0.1042170335	0.0636535227	-0.0623528977	-0.0724640646	-0.0384145778	-0.0568266574	-0.0298653399	0.1101962219	0.1182395832	0.0994416292	0.1219881840	0.1167120431	-0.0552231772	-0.0418740738	0.1001854916	-0.0553857400	-0.0429942102	-0.0516656486	0.1169629372	-0.0409141566	-0.0162968658	-0.0269784262	-0.0649484405	0.1226426111	-0.0725742387	-0.0409141566	-0.0484300077	-0.0668539699	0.1240385198	0.1137081949	-0.0588496988	-0.0660552995	-0.0409141566	-0.0724640646	-0.0503021030	0.0631713016	-0.0596861981	0.1344939559	-0.0734200021	-0.0618336000	0.1119389932	-0.0552509384	-0.0592049058	-0.0740854425	-0.0396621109	0.1201217610	-0.0529740343	-0.0699315999	0.1323462089	-0.0225377837	-0.0429942102	0.1320656051	-0.0560076401	0.0317571533	0.0617162878	-0.0859402999	-0.0549419049	-0.0500194820
0.0033086207	-0.0466177869	-0.0153573326	-0.0038004726	0.0440235796	-0.0341571099	0.0402975731	0.0319831328	-0.0473757906	-0.0313814922	-0.0113815261	0.0192422540	-0.0032035488	0.0312501737	0.0448380369	-0.0081310890	-0.0113266016	-0.0511561819	1.0000000000	0.0464791547	-0.0038004726	0.0051076036	-0.0098222374	0.0415581073	-0.0466177869	-0.0481214144	-0.0182009274	-0.0215481328	0.0448380369	-0.0475591657	-0.0514453032	0.0405619034	0.0349613155	0.0312501737	-0.0494428292	0.0418871014	0.0410659550	0.0299557767	-0.0098222374	-0.0477406208	0.0401389929	-0.0141775655	0.0363849572	-0.0103218582	-0.0491805913	0.0427923688	-0.0480134376	0.0317054596	-0.0037299385	0.0289654751	-0.0430746674	0.0081172224	0.0436128279	-0.0096116974	0.0448380369	0.0375664864	0.0324535764	-0.0468367497	-0.0446356528	-0.0329852302	-0.0493317001	-0.0458861697	-0.0249653846	0.0289628243	-0.0178664110	0.0365521176	0.0435624025	-0.0066046716	-0.0264236271	0.0464791547	-0.0141656410	0.0316858574	0.0261844923	-0.0490338062	0.0270059423	0.0464791547	0.0435036674	-0.0113518089	-0.0470564479	-0.0446009636	-0.0162492207	-0.0065652802	0.0464791547	-0.0096116974	-0.0284919211	-0.0368115075	0.0390947696	-0.0515691703	0.0319329288	-0.0142964602	-0.0431392070	-0.0258341079	-0.0677271743	-0.0073140873	0.0460302554	-0.0479990887	0.0051745678	0.0228710402	-0.0506517530	0.0319831328	0.0435624025	-0.0503980052	0.0457189351	-0.0180906620	0.0066737805	0.0260635605	0.0419486285	0.0312604521
0.0193012114	-0.0377122481	-0.0240912200	-0.0135045508	0.0372433648	-0.0312670513	0.0344879032	0.0458850132	-0.0409712011	-0.0208067435	-0.0141083267	-0.0140407142	0.0053966051	0.0449340661	0.0596759817	-0.0024117829	-0.0215632702	-0.0409141566	0.0464791547	1.0000000000	-0.0135045508	-0.0115153119	-0.0125171664	-0.0003389619	-0.0377122481	-0.0393680110	-0.0178696680	-0.0250154742	0.0596759817	-0.0378941324	-0.0409606585	0.0539413087	0.0364703035	0.0449340661	-0.0395118852	-0.0022264040	0.0411486112	-0.0107299741	-0.0125171664	-0.0380851662	0.0381280336	-0.0156048221	-0.0047665135	-0.0116460391	-0.0405686347	0.0586507023	-0.0395850290	0.0455906543	0.0125890425	0.0020319820	-0.0356999171	0.0241893717	0.0447703093	-0.0123037454	0.0596759817	-0.0115869649	0.0427560692	-0.0392719081	-0.0351987420	-0.0222410037	-0.0409046327	-0.0378852829	-0.0228585342	0.0276690016	-0.0267405578	-0.0106911310	0.0560791845	-0.0043345063	-0.0376332622	0.0615465234	-0.0149902589	0.0419817525	-0.0127523389	-0.0407930307	0.0324831727	0.0615465234	-0.0044470458	-0.0209175640	-0.0373830786	-0.0368272363	-0.0198508819	-0.0176117620	0.0615465234	-0.0123037454	-0.0297122995	-0.0294049249	0.0390071778	-0.0412432475	-0.0081995486	-0.0210804827	-0.0339489068	-0.0307544376	-0.0565060189	-0.0124537517	0.0612607347	-0.0394571577	-0.0036769540	-0.0140119322	-0.0404562609	0.0458850132	0.0560791845	-0.0402227897	0.0489655334	-0.0091496227	0.0223429083	0.0197850251	0.0450470351	-0.0097937631
-0.0550745447	-0.0649792896	0.0068884401	0.0731602982	0.0364547599	0.0732368012	0.0295699241	-0.0258469513	-0.0247139214	-0.0620235193	0.0590454714	0.0571179644	-0.0224705876	-0.0245592342	-0.0133263343	-0.0001962202	-0.0623443623	-0.0747047812	-0.0038004726	-0.0135045508	1.0000000000	0.0543326757	0.0562068939	0.0015132155	-0.0649792896	-0.0662365141	0.0307640072	0.0024672539	-0.0133263343	-0.0702381122	-0.0758617277	-0.0189494644	0.0096834519	-0.0245592342	-0.0724265907	0.0131268561	0.0373819015	0.0518638412	0.0562068939	-0.0678007652	0.0261277048	0.0145329112	0.0460568331	0.0301998390	-0.0646390601	-0.0145590514	-0.0630097803	-0.0237238643	-0.0603631854	0.0002134578	-0.0551127025	-0.0525730339	0.0345319060	0.0560527934	-0.0133263343	0.0117124426	-0.0177702487	-0.0371552062	-0.0672616544	-0.0637490085	-0.0670417149	-0.0631025070	0.0113917632	0.0130688102	-0.0629767935	0.0050529097	0.0185284529	0.0050109922	-0.0671977308	-0.0135045508	0.0290077162	-0.0190160469	0.0515242644	-0.0663329564	0.0455275055	-0.0135045508	-0.0014716579	0.0612177112	-0.0700544275	-0.0614985232	0.0172224636	0.0565143062	-0.0135045508	0.0560527934	0.0586860232	-0.0550509327	0.0095966331	-0.0753508871	0.0534916876	0.0643468560	-0.0637010899	0.0498299653	-0.0490045219	0.0564014701	-0.0139974263	-0.0666993708	0.0003440086	0.0519290615	-0.0741954312	-0.0258469513	0.0185284529	-0.0741836648	0.0340042383	-0.0464831227	-0.0503658823	0.0493931992	0.0018777398	0.0492823995
-0.0505457538	-0.0633379710	0.0038255762	0.0543326757	0.0445280895	-0.0100304560	0.0407242081	-0.0213541527	-0.0271642361	-0.0577587112	0.0236482095	0.0512169335	-0.0181259644	-0.0212136087	-0.0116627534	-0.0079392633	-0.0566639642	-0.0701789599	0.0051076036	-0.0115153119	0.0543326757	1.0000000000	0.0237861732	0.0611553583	-0.0633379710	-0.0622606022	0.0249524140	-0.0075761649	-0.0116627534	-0.0659249387	-0.0712374102	-0.0144076447	0.0150849855	-0.0212136087	-0.0680317846	0.0638784341	0.0441762074	0.0250105845	0.0237861732	-0.0660223531	0.0312687415	0.0062730488	0.0595361151	-0.0040733511	-0.0608784749	-0.0124942480	-0.0593651272	-0.0215136746	-0.0573609828	0.0003274549	-0.0514901164	-0.0482647860	0.0101436766	0.0243344093	-0.0116627534	0.0685380759	-0.0152625887	-0.0581747225	-0.0631811564	-0.0593926706	-0.0630364872	-0.0590764744	-0.0005374560	0.0192754599	-0.0596285878	0.0244247581	-0.0063826402	0.0429187769	-0.0641498712	-0.0115153119	-0.0060787164	-0.0164998880	0.0546150409	-0.0623967273	0.0171924539	-0.0115153119	0.0078675424	0.0581193206	-0.0657040028	-0.0575544952	0.0627252699	0.0515728756	-0.0115153119	0.0243344093	-0.0036383001	-0.0516692257	0.0413773701	-0.0707843763	0.0748544406	0.0599208492	-0.0611616356	0.0004603441	-0.0419273730	0.0239940663	-0.0121500789	-0.0627203394	0.0655934392	0.0512510738	-0.0696968276	-0.0213541527	-0.0063826402	-0.0695577217	0.0053461231	-0.0428880238	-0.0480150370	0.0524414719	0.0309209293	0.0609621085
-0.0524899697	-0.0643369242	-0.0045349874	0.0562068939	0.0377693557	-0.0112084753	-0.0009277746	-0.0194127837	-0.0292774013	-0.0590568151	0.0839316046	0.0627217518	-0.0195625869	-0.0180338136	-0.0135670576	0.0575698801	-0.0609113616	-0.0721913401	-0.0098222374	-0.0125171664	0.0562068939	0.0237861732	1.0000000000	0.0005120535	-0.0643369242	-0.0638662831	0.0374315577	-0.0122205340	-0.0135670576	-0.0678453027	-0.0733224456	-0.0177442956	0.0473391506	-0.0180338136	-0.0699871495	0.0051057648	0.0411367539	0.0121243940	0.0855804616	-0.0666667195	0.0258928894	0.0737745659	0.0062456636	0.0356266105	-0.0625612704	-0.0139956503	-0.0609915706	-0.0186024572	-0.0578102810	0.0004533790	-0.0531289544	-0.0502704836	0.0000306620	0.0857227581	-0.0135670576	0.0032921419	-0.0147892215	-0.0583126986	-0.0649529227	-0.0606816594	-0.0649351648	-0.0609197341	0.0841591361	0.0145762599	-0.0623465102	0.0060865529	-0.0076923464	0.0544223633	-0.0679259441	-0.0125171664	-0.0073148904	-0.0161255115	0.0061484913	-0.0642138001	0.0652259105	-0.0125171664	-0.0083850742	0.0660230587	-0.0677315496	-0.0593624973	0.0763613573	0.0603344904	-0.0125171664	0.0857227581	-0.0036347692	-0.0549408199	0.0362855473	-0.0728736046	0.0234735603	0.0698725383	-0.0620411092	-0.0029739365	-0.0414061180	0.0833286648	-0.0141791710	-0.0645745159	0.0015310942	0.0506726331	-0.0717525578	-0.0194127837	-0.0076923464	-0.0717087286	-0.0022775425	-0.0436448528	-0.0480969750	0.0475602454	0.0272677535	0.0041311308
-0.0371245667	-0.0515370881	-0.0078110120	0.0015132155	0.0470016184	-0.0172722713	0.0478697927	-0.0152442927	-0.0247775329	-0.0456511006	-0.0000149477	0.0004137981	-0.0148501322	-0.0155603091	-0.0019135433	-0.0123833214	-0.0439731165	-0.0560152003	0.0415581073	-0.0003389619	0.0015132155	0.0611553583	0.0005120535	1.0000000000	-0.0515370881	-0.0506610664	-0.0163008072	-0.0128149620	-0.0019135433	-0.0525844019	-0.0568148117	-0.0072373829	0.0596455811	-0.0155603091	-0.0542885980	0.0769774644	0.0467069801	0.0086772826	0.0005120535	-0.0534986053	0.0416067709	-0.0062300403	0.0204413757	-0.0159951725	-0.0489604249	-0.0054968280	-0.0477549784	-0.0160758160	-0.0417752513	-0.0059374297	-0.0414017745	-0.0344972132	0.0570602307	0.0011028667	-0.0019135433	0.0170631418	-0.0151037233	-0.0521298938	-0.0503522291	-0.0470301754	-0.0506127237	-0.0472705140	-0.0124962808	0.0270681519	-0.0480249536	0.0745769875	-0.0017406338	-0.0062280514	-0.0507425414	-0.0003389619	-0.0168192573	-0.0152748353	0.0109850055	-0.0501105723	0.0031463005	-0.0003389619	0.0811276777	0.0018384262	-0.0521630611	-0.0460389647	-0.0015672863	0.0041393960	-0.0003389619	0.0011028667	-0.0161014002	-0.0404695990	0.0515606346	-0.0564727866	0.0610106282	-0.0030167213	-0.0485617383	-0.0142633572	-0.0400024179	0.0006117213	-0.0022174160	-0.0502802278	0.0866261460	0.0097403009	-0.0555933273	-0.0152442927	-0.0017406338	-0.0552767192	0.0124151186	-0.0336541065	-0.0339627469	0.0402587792	0.0437770800	0.0014174608
0.0598960889	0.1108584786	0.0005591670	-0.0649792896	-0.0685391107	-0.0473970124	-0.0506011757	-0.0210954948	-0.0514700593	0.0878659773	-0.0676680539	-0.0479676079	-0.0314771819	-0.0204677849	-0.0354133250	-0.0443092916	0.0856054353	0.1163187916	-0.0466177869	-0.0377122481	-0.0649792896	-0.0633379710	-0.0643369242	-0.0515370881	1.0000000000	0.1094912419	-0.0593070901	-0.0381091435	-0.0354133250	0.1084550733	0.1166708863	-0.0368582202	-0.0529264115	-0.0204677849	0.1123748905	-0.0577754282	-0.0647382959	-0.0545946238	-0.0643369242	0.1133261277	-0.0521915754	-0.0519749139	-0.0482766045	0.0113428587	0.1053254589	-0.0377320277	0.1050228875	-0.0206741411	0.0752633127	-0.0423735472	0.0461023273	0.0592020183	-0.0568207915	-0.0658316322	-0.0354133250	-0.0514546878	-0.0251744727	0.0976213245	0.1078349999	0.0910978072	0.1122428399	0.0657015529	-0.0517969528	-0.0178222692	0.0876515325	-0.0505018372	-0.0393014078	-0.0461529415	0.1034865257	-0.0377122481	0.0243658157	-0.0226019579	-0.0569643729	0.1073071549	-0.0660396711	-0.0377122481	-0.0445427158	-0.0593266926	0.1140524680	0.0618971453	-0.0549321854	-0.0554409663	-0.0377122481	-0.0658316322	-0.0443115273	0.0882755874	-0.0520785783	0.1174098487	-0.0649198482	-0.0531978321	0.1024106062	-0.0493186747	-0.0603428193	-0.0659056139	-0.0365765034	0.1106179049	-0.0487805373	-0.0590513832	0.1153238031	-0.0210954948	-0.0393014078	0.1156383751	-0.0512472388	0.0279450812	0.0596077186	-0.0773542302	-0.0500462806	-0.0468497289
0.0367633897	0.1094912419	-0.0325844807	-0.0662365141	-0.0695790307	-0.0450846851	-0.0533120045	-0.0227472626	-0.0479009079	0.0595839401	-0.0658626873	-0.0504919770	-0.0297545213	-0.0232336109	-0.0371495998	-0.0435739721	0.0867721217	0.1189533002	-0.0481214144	-0.0393680110	-0.0662365141	-0.0622606022	-0.0638662831	-0.0506610664	0.1094912419	1.0000000000	-0.0304610079	-0.0373924488	-0.0371495998	0.1115442780	0.1191778372	-0.0364771277	-0.0524847881	-0.0232336109	0.1148228229	-0.0587828824	-0.0649095309	-0.0557307916	-0.0638662831	0.1130441944	-0.0540362096	-0.0488092934	-0.0513144229	-0.0243327533	0.1102171264	-0.0362544782	0.1100106975	-0.0247828645	0.0741292682	-0.0444433090	0.0478236633	0.0340829349	-0.0567400029	-0.0640545327	-0.0371495998	-0.0510415114	-0.0292530300	0.0993150236	0.1099454475	0.0922950467	0.1184852658	0.0666822024	-0.0483984733	-0.0182381782	0.0898233361	-0.0499352053	-0.0411294121	-0.0471558722	0.1046768334	-0.0393680110	-0.0158655714	-0.0266976106	-0.0569127538	0.1121163082	-0.0650778864	-0.0393680110	-0.0437461589	-0.0588247222	0.1166397518	0.0626358144	-0.0530865483	-0.0587889923	-0.0393680110	-0.0640545327	-0.0434277594	0.0900027483	-0.0554469897	0.1200600207	-0.0652376717	-0.0557335235	0.0731462218	-0.0483686861	-0.0508269613	-0.0655684622	-0.0382692719	0.1143139726	-0.0478341540	-0.0616229565	0.1177907183	-0.0227472626	-0.0411294121	0.1182483094	-0.0513322346	0.0249085859	0.0575596211	-0.0771922106	-0.0520210285	-0.0456995077
-0.0282612369	-0.0593070901	0.0329207649	0.0307640072	0.0175945820	-0.0187366353	0.0088140654	0.0050700768	-0.0338383681	-0.0504992692	0.0418118941	-0.0022746001	0.0325675465	0.0045363858	-0.0174388688	-0.0001851116	-0.0525910465	-0.0656764313	-0.0182009274	-0.0178696680	0.0307640072	0.0249524140	0.0374315577	-0.0163008072	-0.0593070901	-0.0304610079	1.0000000000	0.0472380393	-0.0174388688	-0.0615215467	-0.0664743320	-0.0144656590	-0.0088166711	0.0045363858	-0.0636574030	-0.0112969991	-0.0006689663	-0.0036606308	0.0374315577	-0.0624514567	-0.0092526809	0.0443549485	-0.0133202404	-0.0147597748	-0.0576064424	0.0182395613	-0.0561191327	0.0029715390	-0.0561638083	0.0327860545	-0.0493345315	-0.0470687797	-0.0102488434	0.0385982145	-0.0174388688	-0.0107811629	0.0037647294	-0.0337003899	-0.0587301621	-0.0512355784	-0.0591569308	-0.0565492091	0.0515818730	0.0034550474	-0.0323370659	-0.0128039112	-0.0151569048	0.0036836654	-0.0600485241	-0.0178696680	-0.0232301292	0.0041605216	0.0342932627	-0.0589730207	0.0254096810	-0.0178696680	-0.0193187684	0.0457527655	-0.0615625153	-0.0551305892	0.0008098385	0.0108112419	-0.0178696680	0.0385982145	0.0573186817	-0.0470130086	-0.0135065349	-0.0661984304	0.0230068029	0.0020537588	-0.0609142883	0.0258851806	0.1059947511	0.0372864129	-0.0178423652	-0.0587723493	-0.0152627922	0.0339977719	-0.0651738367	0.0050700768	-0.0151569048	-0.0653222691	-0.0149975293	-0.0358266041	-0.0474510511	0.0152961744	-0.0121807905	-0.0062574317
